34 63 100 e0
62 4 100 e1
85 66 100 e2
77 35 100 e3
77 41 100 e4
66 87 100 e5
7 90 100 e6
23 1 100 e7
14 57 100 e8
11 17 100 e9
35 62 100 e10
7 3 100 e11
68 13 100 e12
73 94 100 e13
97 46 100 e14
83 88 100 e15
42 12 100 e16
26 35 100 e17
28 74 100 e18
49 9 100 e19
51 28 100 e20
70 22 100 e21
28 0 100 e22
69 40 100 e23
25 64 100 e24
21 32 100 e25
10 13 100 e26
80 28 100 e27
15 79 100 e28
2 46 100 e29
72 32 100 e30
81 94 100 e31
48 87 100 e32
43 64 100 e33
63 33 100 e34
69 75 100 e35
70 53 100 e36
96 2 100 e37
46 76 100 e38
34 39 100 e39
36 79 100 e40
59 14 100 e41
17 59 100 e42
96 30 100 e43
30 87 100 e44
62 2 100 e45
0 14 100 e46
25 59 100 e47
72 30 100 e48
18 50 100 e49
23 1 100 e50
27 41 100 e51
16 38 100 e52
88 69 100 e53
72 60 100 e54
19 56 100 e55
76 4 100 e56
5 12 100 e57
65 56 100 e58
44 57 100 e59
75 29 100 e60
58 47 100 e61
61 5 100 e62
73 83 100 e63
39 62 100 e64
25 28 100 e65
59 48 100 e66
78 74 100 e67
12 50 100 e68
98 93 100 e69
2 37 100 e70
11 48 100 e71
12 28 100 e72
54 12 100 e73
18 23 100 e74
0 68 100 e75
88 83 100 e76
7 10 100 e77
31 80 100 e78
13 53 100 e79
61 7 100 e80
74 35 100 e81
57 56 100 e82
76 77 100 e83
87 79 100 e84
86 1 100 e85
10 66 100 e86
17 63 100 e87
91 27 100 e88
39 98 100 e89
52 80 100 e90
80 7 100 e91
38 22 100 e92
28 36 100 e93
51 78 100 e94
54 59 100 e95
68 54 100 e96
27 28 100 e97
62 27 100 e98
63 85 100 e99
