100
72 49 100 e0
11 78 100 e1
33 21 100 e2
15 56 100 e3
98 25 100 e4
81 94 100 e5
81 64 100 e6
53 51 100 e7
98 60 100 e8
38 48 100 e9
61 29 100 e10
38 73 100 e11
75 86 100 e12
39 15 100 e13
53 6 100 e14
84 17 100 e15
45 29 100 e16
18 47 100 e17
89 94 100 e18
83 73 100 e19
30 53 100 e20
29 66 100 e21
62 94 100 e22
31 56 100 e23
30 88 100 e24
86 25 100 e25
92 21 100 e26
35 53 100 e27
49 39 100 e28
54 83 100 e29
66 48 100 e30
18 30 100 e31
89 47 100 e32
48 52 100 e33
43 18 100 e34
10 90 100 e35
26 69 100 e36
11 55 100 e37
89 85 100 e38
15 59 100 e39
32 86 100 e40
90 44 100 e41
98 46 100 e42
66 88 100 e43
48 67 100 e44
1 55 100 e45
33 0 100 e46
80 20 100 e47
49 21 100 e48
35 38 100 e49
63 98 100 e50
94 4 100 e51
10 13 100 e52
85 70 100 e53
72 84 100 e54
8 92 100 e55
10 9 100 e56
57 42 100 e57
52 34 100 e58
44 78 100 e59
35 72 100 e60
61 70 100 e61
16 44 100 e62
85 41 100 e63
11 42 100 e64
3 45 100 e65
73 82 100 e66
98 15 100 e67
31 93 100 e68
9 2 100 e69
33 84 100 e70
26 19 100 e71
62 21 100 e72
60 7 100 e73
78 31 100 e74
15 67 100 e75
87 13 100 e76
14 8 100 e77
29 78 100 e78
69 7 100 e79
22 73 100 e80
24 76 100 e81
61 62 100 e82
43 9 100 e83
50 60 100 e84
16 37 100 e85
77 57 100 e86
92 24 100 e87
66 62 100 e88
41 81 100 e89
38 45 100 e90
67 74 100 e91
11 92 100 e92
18 55 100 e93
8 16 100 e94
52 82 100 e95
29 44 100 e96
62 85 100 e97
14 36 100 e98
42 15 100 e99
41 71 100 e100
96 83 100 e101
74 47 100 e102
91 93 100 e103
24 23 100 e104
51 90 100 e105
53 67 100 e106
16 88 100 e107
94 16 100 e108
96 39 100 e109
43 58 100 e110
45 73 100 e111
11 68 100 e112
89 36 100 e113
54 91 100 e114
1 57 100 e115
37 40 100 e116
75 86 100 e117
15 93 100 e118
19 61 100 e119
42 55 100 e120
17 53 100 e121
98 9 100 e122
8 15 100 e123
5 53 100 e124
83 1 100 e125
64 92 100 e126
73 87 100 e127
14 68 100 e128
11 23 100 e129
27 22 100 e130
31 30 100 e131
28 7 100 e132
24 5 100 e133
82 72 100 e134
65 15 100 e135
64 1 100 e136
54 49 100 e137
59 38 100 e138
10 60 100 e139
88 70 100 e140
23 99 100 e141
93 9 100 e142
61 32 100 e143
22 14 100 e144
14 29 100 e145
76 14 100 e146
42 96 100 e147
41 59 100 e148
51 70 100 e149
2 89 100 e150
88 81 100 e151
41 74 100 e152
80 51 100 e153
57 15 100 e154
42 99 100 e155
24 14 100 e156
40 71 100 e157
13 67 100 e158
29 81 100 e159
41 91 100 e160
19 32 100 e161
88 44 100 e162
61 2 100 e163
65 0 100 e164
98 23 100 e165
6 52 100 e166
45 93 100 e167
57 62 100 e168
30 67 100 e169
29 54 100 e170
98 17 100 e171
81 30 100 e172
6 86 100 e173
16 57 100 e174
47 1 100 e175
65 58 100 e176
82 78 100 e177
9 6 100 e178
57 37 100 e179
4 71 100 e180
76 88 100 e181
21 73 100 e182
55 78 100 e183
90 96 100 e184
63 25 100 e185
0 40 100 e186
51 29 100 e187
31 33 100 e188
96 55 100 e189
78 83 100 e190
18 24 100 e191
51 16 100 e192
43 24 100 e193
15 41 100 e194
53 40 100 e195
25 36 100 e196
21 11 100 e197
20 89 100 e198
54 77 100 e199
98 56 100 e200
77 16 100 e201
88 50 100 e202
99 72 100 e203
85 44 100 e204
8 44 100 e205
68 88 100 e206
3 7 100 e207
26 32 100 e208
70 38 100 e209
76 38 100 e210
82 91 100 e211
29 62 100 e212
64 62 100 e213
0 90 100 e214
71 24 100 e215
50 35 100 e216
34 81 100 e217
31 42 100 e218
33 52 100 e219
36 58 100 e220
20 35 100 e221
80 94 100 e222
0 57 100 e223
35 68 100 e224
3 19 100 e225
65 27 100 e226
55 50 100 e227
44 94 100 e228
59 18 100 e229
74 69 100 e230
29 57 100 e231
13 77 100 e232
84 40 100 e233
72 6 100 e234
6 43 100 e235
75 84 100 e236
14 13 100 e237
92 16 100 e238
97 66 100 e239
42 4 100 e240
10 24 100 e241
91 94 100 e242
64 25 100 e243
81 51 100 e244
24 51 100 e245
61 39 100 e246
41 56 100 e247
8 61 100 e248
81 93 100 e249
87 16 100 e250
29 73 100 e251
47 98 100 e252
32 42 100 e253
3 66 100 e254
77 10 100 e255
70 97 100 e256
11 58 100 e257
53 37 100 e258
34 97 100 e259
97 70 100 e260
52 97 100 e261
9 94 100 e262
10 27 100 e263
51 96 100 e264
30 47 100 e265
61 22 100 e266
42 40 100 e267
48 39 100 e268
7 57 100 e269
1 72 100 e270
72 50 100 e271
76 47 100 e272
33 78 100 e273
6 50 100 e274
32 21 100 e275
79 30 100 e276
87 35 100 e277
82 16 100 e278
88 0 100 e279
61 77 100 e280
51 64 100 e281
56 66 100 e282
54 58 100 e283
5 15 100 e284
67 56 100 e285
2 26 100 e286
82 37 100 e287
32 61 100 e288
10 63 100 e289
93 4 100 e290
15 78 100 e291
73 64 100 e292
45 95 100 e293
52 11 100 e294
40 54 100 e295
75 13 100 e296
76 90 100 e297
34 73 100 e298
26 95 100 e299
35 64 100 e300
9 22 100 e301
20 24 100 e302
3 45 100 e303
99 96 100 e304
40 51 100 e305
30 11 100 e306
56 51 100 e307
22 71 100 e308
7 41 100 e309
97 6 100 e310
21 75 100 e311
33 1 100 e312
10 37 100 e313
5 28 100 e314
42 11 100 e315
38 9 100 e316
78 86 100 e317
82 29 100 e318
64 86 100 e319
28 24 100 e320
33 78 100 e321
5 60 100 e322
67 64 100 e323
54 64 100 e324
88 52 100 e325
40 26 100 e326
82 56 100 e327
93 91 100 e328
80 94 100 e329
80 65 100 e330
73 46 100 e331
93 88 100 e332
8 36 100 e333
87 98 100 e334
37 62 100 e335
63 32 100 e336
28 63 100 e337
57 21 100 e338
32 74 100 e339
41 45 100 e340
26 70 100 e341
8 84 100 e342
31 56 100 e343
98 7 100 e344
4 51 100 e345
6 4 100 e346
82 37 100 e347
65 93 100 e348
78 14 100 e349
47 34 100 e350
7 70 100 e351
91 84 100 e352
38 40 100 e353
61 74 100 e354
80 66 100 e355
31 76 100 e356
44 5 100 e357
42 47 100 e358
64 17 100 e359
35 92 100 e360
30 19 100 e361
10 21 100 e362
6 91 100 e363
53 61 100 e364
11 84 100 e365
71 77 100 e366
11 51 100 e367
49 3 100 e368
37 67 100 e369
18 20 100 e370
39 27 100 e371
79 59 100 e372
96 95 100 e373
93 20 100 e374
48 2 100 e375
67 75 100 e376
78 18 100 e377
32 61 100 e378
72 92 100 e379
79 0 100 e380
95 34 100 e381
26 0 100 e382
49 92 100 e383
93 43 100 e384
44 87 100 e385
23 34 100 e386
84 30 100 e387
59 3 100 e388
30 23 100 e389
81 50 100 e390
56 69 100 e391
83 7 100 e392
45 7 100 e393
69 74 100 e394
86 70 100 e395
77 34 100 e396
66 21 100 e397
88 30 100 e398
28 94 100 e399
78 2 100 e400
7 24 100 e401
57 93 100 e402
32 39 100 e403
41 7 100 e404
16 36 100 e405
14 41 100 e406
76 70 100 e407
84 10 100 e408
86 36 100 e409
48 98 100 e410
16 38 100 e411
65 99 100 e412
29 75 100 e413
90 55 100 e414
73 68 100 e415
46 85 100 e416
55 18 100 e417
18 3 100 e418
50 21 100 e419
35 65 100 e420
43 8 100 e421
2 21 100 e422
71 22 100 e423
4 54 100 e424
65 52 100 e425
90 45 100 e426
96 35 100 e427
65 46 100 e428
38 5 100 e429
59 60 100 e430
44 19 100 e431
60 87 100 e432
34 41 100 e433
13 18 100 e434
87 24 100 e435
47 35 100 e436
68 70 100 e437
78 43 100 e438
38 41 100 e439
48 4 100 e440
22 87 100 e441
50 81 100 e442
32 99 100 e443
38 0 100 e444
23 95 100 e445
88 43 100 e446
40 46 100 e447
71 90 100 e448
82 96 100 e449
71 90 100 e450
39 54 100 e451
94 82 100 e452
94 62 100 e453
28 94 100 e454
25 34 100 e455
56 68 100 e456
21 25 100 e457
8 32 100 e458
32 2 100 e459
68 77 100 e460
27 70 100 e461
8 35 100 e462
54 86 100 e463
13 16 100 e464
90 5 100 e465
86 13 100 e466
25 32 100 e467
0 42 100 e468
57 88 100 e469
75 90 100 e470
15 34 100 e471
68 22 100 e472
14 66 100 e473
77 73 100 e474
97 93 100 e475
75 61 100 e476
94 52 100 e477
56 69 100 e478
10 34 100 e479
72 46 100 e480
25 71 100 e481
82 81 100 e482
55 44 100 e483
69 95 100 e484
81 92 100 e485
0 40 100 e486
45 20 100 e487
84 13 100 e488
74 34 100 e489
56 77 100 e490
11 51 100 e491
19 23 100 e492
0 14 100 e493
59 83 100 e494
55 87 100 e495
61 52 100 e496
82 18 100 e497
34 37 100 e498
50 14 100 e499
69 64 100 e500
86 49 100 e501
98 70 100 e502
54 36 100 e503
63 51 100 e504
95 89 100 e505
74 62 100 e506
98 37 100 e507
8 69 100 e508
49 53 100 e509
1 55 100 e510
90 73 100 e511
48 38 100 e512
66 98 100 e513
2 69 100 e514
61 81 100 e515
84 90 100 e516
88 25 100 e517
6 90 100 e518
64 0 100 e519
43 86 100 e520
39 71 100 e521
10 58 100 e522
57 7 100 e523
98 25 100 e524
18 43 100 e525
91 68 100 e526
34 54 100 e527
97 7 100 e528
98 24 100 e529
35 6 100 e530
38 98 100 e531
69 9 100 e532
24 27 100 e533
67 16 100 e534
36 45 100 e535
50 66 100 e536
9 56 100 e537
40 61 100 e538
89 88 100 e539
20 84 100 e540
42 58 100 e541
96 19 100 e542
97 81 100 e543
52 68 100 e544
35 46 100 e545
44 23 100 e546
98 16 100 e547
38 57 100 e548
89 51 100 e549
5 10 100 e550
17 34 100 e551
22 25 100 e552
45 88 100 e553
53 89 100 e554
90 56 100 e555
20 17 100 e556
32 84 100 e557
64 6 100 e558
88 40 100 e559
1 33 100 e560
32 9 100 e561
69 80 100 e562
48 72 100 e563
77 53 100 e564
95 25 100 e565
65 78 100 e566
1 69 100 e567
13 48 100 e568
31 8 100 e569
56 11 100 e570
60 84 100 e571
34 54 100 e572
43 76 100 e573
4 18 100 e574
12 24 100 e575
94 32 100 e576
41 39 100 e577
62 41 100 e578
93 32 100 e579
79 22 100 e580
65 34 100 e581
31 49 100 e582
38 48 100 e583
7 52 100 e584
86 62 100 e585
37 80 100 e586
38 93 100 e587
51 57 100 e588
8 69 100 e589
93 48 100 e590
17 46 100 e591
97 22 100 e592
26 47 100 e593
1 44 100 e594
85 53 100 e595
74 99 100 e596
92 30 100 e597
97 82 100 e598
16 87 100 e599
3 35 100 e600
62 45 100 e601
99 11 100 e602
72 87 100 e603
36 84 100 e604
10 34 100 e605
2 28 100 e606
63 55 100 e607
67 96 100 e608
60 22 100 e609
83 17 100 e610
21 56 100 e611
11 16 100 e612
96 6 100 e613
92 52 100 e614
19 89 100 e615
67 3 100 e616
36 46 100 e617
91 22 100 e618
47 16 100 e619
55 19 100 e620
9 82 100 e621
4 90 100 e622
56 83 100 e623
48 0 100 e624
36 88 100 e625
52 46 100 e626
88 27 100 e627
14 54 100 e628
78 23 100 e629
70 69 100 e630
6 89 100 e631
14 42 100 e632
9 50 100 e633
54 76 100 e634
15 75 100 e635
6 97 100 e636
22 13 100 e637
97 59 100 e638
2 91 100 e639
1 36 100 e640
59 54 100 e641
20 22 100 e642
74 88 100 e643
69 86 100 e644
0 17 100 e645
93 21 100 e646
48 6 100 e647
99 33 100 e648
60 37 100 e649
11 45 100 e650
24 6 100 e651
87 48 100 e652
83 90 100 e653
85 51 100 e654
98 47 100 e655
89 7 100 e656
33 94 100 e657
71 15 100 e658
33 54 100 e659
36 5 100 e660
97 95 100 e661
3 35 100 e662
37 99 100 e663
54 10 100 e664
37 80 100 e665
27 2 100 e666
87 76 100 e667
95 1 100 e668
62 28 100 e669
53 2 100 e670
17 44 100 e671
67 57 100 e672
59 49 100 e673
39 75 100 e674
52 28 100 e675
74 14 100 e676
25 99 100 e677
18 54 100 e678
44 86 100 e679
54 84 100 e680
34 48 100 e681
1 95 100 e682
44 17 100 e683
39 18 100 e684
67 51 100 e685
21 5 100 e686
75 19 100 e687
48 4 100 e688
67 45 100 e689
94 78 100 e690
19 7 100 e691
45 20 100 e692
2 54 100 e693
52 96 100 e694
32 70 100 e695
73 93 100 e696
36 96 100 e697
17 24 100 e698
52 62 100 e699
54 82 100 e700
23 95 100 e701
76 85 100 e702
63 57 100 e703
56 21 100 e704
43 79 100 e705
53 24 100 e706
99 30 100 e707
83 31 100 e708
48 91 100 e709
65 61 100 e710
88 69 100 e711
65 67 100 e712
20 73 100 e713
75 90 100 e714
63 65 100 e715
66 98 100 e716
76 15 100 e717
47 63 100 e718
97 63 100 e719
96 22 100 e720
46 52 100 e721
70 9 100 e722
9 71 100 e723
80 60 100 e724
96 97 100 e725
15 37 100 e726
82 65 100 e727
30 47 100 e728
51 22 100 e729
87 79 100 e730
38 79 100 e731
69 56 100 e732
49 1 100 e733
37 2 100 e734
71 13 100 e735
56 42 100 e736
63 75 100 e737
87 96 100 e738
74 43 100 e739
14 61 100 e740
14 48 100 e741
51 95 100 e742
66 58 100 e743
6 24 100 e744
46 53 100 e745
74 76 100 e746
69 81 100 e747
47 68 100 e748
22 96 100 e749
0 36 100 e750
39 99 100 e751
41 68 100 e752
5 58 100 e753
53 75 100 e754
72 55 100 e755
45 41 100 e756
48 66 100 e757
72 51 100 e758
30 34 100 e759
92 77 100 e760
0 60 100 e761
20 36 100 e762
52 5 100 e763
36 41 100 e764
20 10 100 e765
98 43 100 e766
11 70 100 e767
6 33 100 e768
93 31 100 e769
79 8 100 e770
64 5 100 e771
54 96 100 e772
67 24 100 e773
68 66 100 e774
8 45 100 e775
45 79 100 e776
90 56 100 e777
40 79 100 e778
67 42 100 e779
45 44 100 e780
94 62 100 e781
36 22 100 e782
57 81 100 e783
67 52 100 e784
82 55 100 e785
83 86 100 e786
87 53 100 e787
24 80 100 e788
46 74 100 e789
5 90 100 e790
62 42 100 e791
72 69 100 e792
80 93 100 e793
24 13 100 e794
86 37 100 e795
69 5 100 e796
93 59 100 e797
69 65 100 e798
80 65 100 e799
12 59 100 e800
85 90 100 e801
31 54 100 e802
7 22 100 e803
87 7 100 e804
82 20 100 e805
80 21 100 e806
95 29 100 e807
13 40 100 e808
13 31 100 e809
42 1 100 e810
16 28 100 e811
23 5 100 e812
98 95 100 e813
52 15 100 e814
73 86 100 e815
32 65 100 e816
16 36 100 e817
66 54 100 e818
40 55 100 e819
53 62 100 e820
54 13 100 e821
86 66 100 e822
7 96 100 e823
40 29 100 e824
82 11 100 e825
87 88 100 e826
71 43 100 e827
99 89 100 e828
0 48 100 e829
88 40 100 e830
93 88 100 e831
83 95 100 e832
81 38 100 e833
80 50 100 e834
39 17 100 e835
56 64 100 e836
59 92 100 e837
49 17 100 e838
11 70 100 e839
28 42 100 e840
14 18 100 e841
43 95 100 e842
65 45 100 e843
33 18 100 e844
79 65 100 e845
67 30 100 e846
82 86 100 e847
89 10 100 e848
9 73 100 e849
46 25 100 e850
12 4 100 e851
30 56 100 e852
45 68 100 e853
78 11 100 e854
66 70 100 e855
97 9 100 e856
99 97 100 e857
73 46 100 e858
10 30 100 e859
92 83 100 e860
96 6 100 e861
79 36 100 e862
35 97 100 e863
18 43 100 e864
7 60 100 e865
82 70 100 e866
71 28 100 e867
27 51 100 e868
79 50 100 e869
5 43 100 e870
42 8 100 e871
15 8 100 e872
81 58 100 e873
7 41 100 e874
46 26 100 e875
93 40 100 e876
43 90 100 e877
87 4 100 e878
13 80 100 e879
18 58 100 e880
17 0 100 e881
83 76 100 e882
3 5 100 e883
65 16 100 e884
60 2 100 e885
26 43 100 e886
42 92 100 e887
61 95 100 e888
15 34 100 e889
92 68 100 e890
3 70 100 e891
60 71 100 e892
8 95 100 e893
99 25 100 e894
99 55 100 e895
40 37 100 e896
2 53 100 e897
89 33 100 e898
96 32 100 e899
2 20 100 e900
57 92 100 e901
6 62 100 e902
68 19 100 e903
40 89 100 e904
87 29 100 e905
49 99 100 e906
18 97 100 e907
40 93 100 e908
71 23 100 e909
27 63 100 e910
82 26 100 e911
69 59 100 e912
49 23 100 e913
73 80 100 e914
99 48 100 e915
70 87 100 e916
7 28 100 e917
76 16 100 e918
32 64 100 e919
52 75 100 e920
59 28 100 e921
7 25 100 e922
35 98 100 e923
77 35 100 e924
15 74 100 e925
56 22 100 e926
8 98 100 e927
7 17 100 e928
77 36 100 e929
59 62 100 e930
67 16 100 e931
88 21 100 e932
76 65 100 e933
46 67 100 e934
20 76 100 e935
92 27 100 e936
67 10 100 e937
15 13 100 e938
70 76 100 e939
42 99 100 e940
12 1 100 e941
48 62 100 e942
54 67 100 e943
69 32 100 e944
47 39 100 e945
88 0 100 e946
94 75 100 e947
21 12 100 e948
46 53 100 e949
99 33 100 e950
89 69 100 e951
90 30 100 e952
4 5 100 e953
93 21 100 e954
39 41 100 e955
63 34 100 e956
24 62 100 e957
15 74 100 e958
23 5 100 e959
61 45 100 e960
38 96 100 e961
51 92 100 e962
18 61 100 e963
78 89 100 e964
62 23 100 e965
23 29 100 e966
79 93 100 e967
70 88 100 e968
97 60 100 e969
34 46 100 e970
34 62 100 e971
73 25 100 e972
9 52 100 e973
63 94 100 e974
79 32 100 e975
76 77 100 e976
73 51 100 e977
4 54 100 e978
13 70 100 e979
15 64 100 e980
20 97 100 e981
84 83 100 e982
1 13 100 e983
18 61 100 e984
81 92 100 e985
22 41 100 e986
87 3 100 e987
69 96 100 e988
90 51 100 e989
92 11 100 e990
13 9 100 e991
82 91 100 e992
99 64 100 e993
81 56 100 e994
36 41 100 e995
36 88 100 e996
13 86 100 e997
73 47 100 e998
96 33 100 e999
