100
69 65 100 e0
89 64 100 e1
41 52 100 e2
37 76 100 e3
48 74 100 e4
33 3 100 e5
55 16 100 e6
19 34 100 e7
56 90 100 e8
33 40 100 e9
51 13 100 e10
17 6 100 e11
18 62 100 e12
19 98 100 e13
85 33 100 e14
87 19 100 e15
84 60 100 e16
60 62 100 e17
49 48 100 e18
72 45 100 e19
38 62 100 e20
66 50 100 e21
88 9 100 e22
8 56 100 e23
73 67 100 e24
29 13 100 e25
8 74 100 e26
10 31 100 e27
20 85 100 e28
82 88 100 e29
34 43 100 e30
80 33 100 e31
52 97 100 e32
94 95 100 e33
27 99 100 e34
16 26 100 e35
69 1 100 e36
58 88 100 e37
86 24 100 e38
58 59 100 e39
64 17 100 e40
42 59 100 e41
33 87 100 e42
6 49 100 e43
48 8 100 e44
35 88 100 e45
93 57 100 e46
17 65 100 e47
83 87 100 e48
18 92 100 e49
8 47 100 e50
24 7 100 e51
24 99 100 e52
12 99 100 e53
58 91 100 e54
90 34 100 e55
57 50 100 e56
51 66 100 e57
66 36 100 e58
17 97 100 e59
44 9 100 e60
61 50 100 e61
0 13 100 e62
5 88 100 e63
71 96 100 e64
5 63 100 e65
19 74 100 e66
21 71 100 e67
9 75 100 e68
34 13 100 e69
42 13 100 e70
91 29 100 e71
31 18 100 e72
27 10 100 e73
40 14 100 e74
50 10 100 e75
58 74 100 e76
8 74 100 e77
78 90 100 e78
25 50 100 e79
6 50 100 e80
53 37 100 e81
47 43 100 e82
71 78 100 e83
94 68 100 e84
48 33 100 e85
34 7 100 e86
41 4 100 e87
19 61 100 e88
7 79 100 e89
15 1 100 e90
89 87 100 e91
72 92 100 e92
40 36 100 e93
61 84 100 e94
65 25 100 e95
18 52 100 e96
58 45 100 e97
67 86 100 e98
94 80 100 e99
