1000
645 626 100 e0
203 134 100 e1
720 949 100 e2
376 611 100 e3
564 614 100 e4
716 546 100 e5
139 935 100 e6
311 692 100 e7
308 525 100 e8
157 609 100 e9
928 75 100 e10
113 894 100 e11
395 317 100 e12
596 405 100 e13
182 850 100 e14
411 422 100 e15
866 588 100 e16
87 623 100 e17
79 568 100 e18
717 565 100 e19
738 396 100 e20
413 694 100 e21
357 322 100 e22
368 149 100 e23
792 880 100 e24
987 457 100 e25
461 880 100 e26
385 603 100 e27
33 667 100 e28
372 218 100 e29
158 701 100 e30
571 676 100 e31
46 725 100 e32
960 451 100 e33
594 68 100 e34
808 433 100 e35
17 919 100 e36
85 266 100 e37
476 290 100 e38
9 197 100 e39
70 235 100 e40
856 134 100 e41
88 80 100 e42
0 811 100 e43
378 391 100 e44
821 433 100 e45
742 664 100 e46
645 114 100 e47
215 56 100 e48
354 925 100 e49
775 917 100 e50
270 835 100 e51
701 441 100 e52
760 745 100 e53
917 373 100 e54
556 47 100 e55
770 323 100 e56
161 620 100 e57
63 808 100 e58
108 955 100 e59
731 580 100 e60
683 438 100 e61
218 151 100 e62
731 373 100 e63
752 194 100 e64
906 523 100 e65
816 775 100 e66
649 246 100 e67
811 431 100 e68
113 209 100 e69
469 646 100 e70
495 823 100 e71
73 172 100 e72
594 38 100 e73
284 34 100 e74
680 494 100 e75
287 79 100 e76
648 765 100 e77
182 663 100 e78
915 64 100 e79
973 543 100 e80
868 391 100 e81
210 215 100 e82
830 30 100 e83
486 380 100 e84
797 420 100 e85
14 537 100 e86
924 946 100 e87
446 1 100 e88
814 777 100 e89
420 716 100 e90
480 32 100 e91
362 628 100 e92
571 569 100 e93
861 498 100 e94
55 15 100 e95
883 930 100 e96
395 959 100 e97
889 272 100 e98
258 871 100 e99
306 205 100 e100
463 439 100 e101
492 354 100 e102
793 27 100 e103
925 336 100 e104
457 474 100 e105
771 865 100 e106
40 638 100 e107
320 982 100 e108
814 648 100 e109
748 70 100 e110
341 511 100 e111
789 312 100 e112
380 797 100 e113
209 782 100 e114
119 726 100 e115
468 366 100 e116
844 566 100 e117
901 381 100 e118
40 678 100 e119
466 170 100 e120
896 131 100 e121
644 709 100 e122
524 595 100 e123
918 834 100 e124
645 532 100 e125
735 782 100 e126
351 595 100 e127
143 853 100 e128
706 406 100 e129
638 69 100 e130
811 599 100 e131
919 626 100 e132
543 333 100 e133
243 863 100 e134
871 776 100 e135
322 246 100 e136
150 865 100 e137
941 316 100 e138
712 60 100 e139
55 524 100 e140
109 771 100 e141
322 214 100 e142
179 744 100 e143
669 20 100 e144
754 422 100 e145
931 121 100 e146
432 653 100 e147
15 590 100 e148
405 536 100 e149
171 274 100 e150
641 749 100 e151
656 302 100 e152
497 672 100 e153
600 954 100 e154
224 740 100 e155
887 199 100 e156
938 287 100 e157
328 466 100 e158
652 361 100 e159
52 874 100 e160
679 409 100 e161
549 486 100 e162
844 556 100 e163
952 174 100 e164
649 19 100 e165
209 60 100 e166
465 799 100 e167
129 974 100 e168
114 876 100 e169
34 380 100 e170
344 943 100 e171
291 64 100 e172
663 222 100 e173
382 807 100 e174
725 458 100 e175
799 850 100 e176
646 947 100 e177
80 697 100 e178
585 993 100 e179
127 501 100 e180
768 794 100 e181
329 544 100 e182
557 620 100 e183
959 916 100 e184
7 545 100 e185
887 396 100 e186
604 834 100 e187
798 19 100 e188
48 610 100 e189
504 591 100 e190
572 344 100 e191
794 610 100 e192
18 712 100 e193
87 541 100 e194
357 519 100 e195
695 328 100 e196
245 320 100 e197
222 10 100 e198
168 40 100 e199
424 18 100 e200
444 643 100 e201
890 344 100 e202
616 112 100 e203
884 443 100 e204
19 488 100 e205
114 24 100 e206
188 790 100 e207
954 915 100 e208
320 684 100 e209
24 510 100 e210
122 178 100 e211
692 467 100 e212
37 955 100 e213
37 607 100 e214
317 102 100 e215
479 213 100 e216
20 853 100 e217
936 323 100 e218
256 14 100 e219
617 781 100 e220
441 188 100 e221
952 245 100 e222
345 377 100 e223
810 524 100 e224
804 50 100 e225
269 264 100 e226
718 223 100 e227
75 161 100 e228
580 725 100 e229
346 65 100 e230
482 786 100 e231
761 264 100 e232
948 621 100 e233
189 585 100 e234
448 159 100 e235
418 861 100 e236
760 298 100 e237
549 554 100 e238
118 852 100 e239
550 623 100 e240
969 296 100 e241
475 695 100 e242
84 481 100 e243
191 167 100 e244
853 220 100 e245
929 302 100 e246
10 401 100 e247
9 840 100 e248
615 733 100 e249
821 606 100 e250
301 944 100 e251
474 606 100 e252
4 982 100 e253
838 483 100 e254
353 260 100 e255
226 465 100 e256
915 632 100 e257
149 879 100 e258
999 237 100 e259
820 657 100 e260
676 450 100 e261
550 480 100 e262
145 190 100 e263
35 985 100 e264
482 827 100 e265
788 791 100 e266
545 428 100 e267
973 245 100 e268
416 851 100 e269
439 316 100 e270
405 67 100 e271
179 605 100 e272
535 967 100 e273
785 572 100 e274
93 166 100 e275
830 842 100 e276
950 532 100 e277
28 901 100 e278
243 686 100 e279
947 110 100 e280
24 449 100 e281
581 742 100 e282
329 543 100 e283
583 670 100 e284
225 143 100 e285
844 386 100 e286
878 80 100 e287
980 281 100 e288
129 50 100 e289
225 187 100 e290
761 209 100 e291
458 647 100 e292
943 230 100 e293
824 408 100 e294
540 332 100 e295
622 36 100 e296
534 28 100 e297
965 985 100 e298
313 726 100 e299
157 68 100 e300
443 20 100 e301
984 223 100 e302
880 404 100 e303
185 854 100 e304
620 483 100 e305
394 423 100 e306
951 720 100 e307
723 748 100 e308
762 892 100 e309
270 621 100 e310
591 316 100 e311
190 718 100 e312
207 584 100 e313
392 971 100 e314
598 812 100 e315
386 172 100 e316
632 848 100 e317
289 505 100 e318
567 669 100 e319
662 939 100 e320
604 287 100 e321
40 268 100 e322
507 154 100 e323
245 196 100 e324
579 970 100 e325
33 337 100 e326
250 211 100 e327
18 210 100 e328
440 753 100 e329
50 520 100 e330
346 541 100 e331
811 130 100 e332
471 517 100 e333
825 427 100 e334
431 831 100 e335
320 882 100 e336
830 682 100 e337
359 414 100 e338
488 72 100 e339
196 580 100 e340
687 396 100 e341
863 398 100 e342
440 228 100 e343
339 306 100 e344
876 203 100 e345
239 436 100 e346
850 790 100 e347
706 937 100 e348
34 40 100 e349
933 577 100 e350
652 397 100 e351
522 856 100 e352
566 48 100 e353
818 689 100 e354
940 529 100 e355
877 655 100 e356
658 598 100 e357
802 794 100 e358
765 580 100 e359
151 426 100 e360
384 602 100 e361
138 684 100 e362
163 114 100 e363
509 198 100 e364
709 622 100 e365
944 15 100 e366
546 963 100 e367
201 328 100 e368
455 12 100 e369
326 850 100 e370
394 294 100 e371
499 866 100 e372
983 963 100 e373
631 872 100 e374
790 46 100 e375
705 296 100 e376
8 90 100 e377
792 778 100 e378
519 262 100 e379
415 92 100 e380
893 737 100 e381
688 314 100 e382
893 446 100 e383
839 951 100 e384
910 52 100 e385
543 739 100 e386
6 749 100 e387
763 337 100 e388
763 945 100 e389
538 76 100 e390
981 166 100 e391
253 149 100 e392
847 542 100 e393
189 108 100 e394
516 589 100 e395
37 672 100 e396
662 62 100 e397
839 916 100 e398
545 809 100 e399
82 241 100 e400
638 755 100 e401
129 218 100 e402
244 457 100 e403
231 456 100 e404
449 906 100 e405
846 802 100 e406
31 881 100 e407
696 928 100 e408
393 212 100 e409
612 580 100 e410
540 372 100 e411
10 14 100 e412
987 409 100 e413
594 235 100 e414
674 488 100 e415
46 801 100 e416
4 188 100 e417
359 754 100 e418
560 383 100 e419
501 282 100 e420
246 427 100 e421
905 478 100 e422
488 330 100 e423
588 107 100 e424
371 230 100 e425
627 200 100 e426
253 502 100 e427
826 402 100 e428
408 325 100 e429
596 882 100 e430
244 480 100 e431
253 916 100 e432
283 452 100 e433
47 671 100 e434
446 754 100 e435
576 84 100 e436
198 537 100 e437
805 469 100 e438
228 974 100 e439
648 275 100 e440
865 897 100 e441
500 676 100 e442
321 23 100 e443
505 367 100 e444
658 648 100 e445
595 581 100 e446
772 437 100 e447
629 814 100 e448
640 520 100 e449
643 877 100 e450
938 551 100 e451
925 809 100 e452
283 750 100 e453
967 737 100 e454
15 816 100 e455
205 588 100 e456
950 594 100 e457
852 490 100 e458
502 164 100 e459
900 762 100 e460
149 717 100 e461
185 216 100 e462
68 465 100 e463
169 354 100 e464
407 666 100 e465
112 896 100 e466
152 825 100 e467
206 391 100 e468
572 799 100 e469
371 152 100 e470
422 780 100 e471
681 801 100 e472
79 123 100 e473
631 119 100 e474
383 912 100 e475
838 926 100 e476
4 79 100 e477
395 672 100 e478
569 531 100 e479
373 853 100 e480
787 79 100 e481
761 621 100 e482
213 588 100 e483
514 519 100 e484
11 408 100 e485
780 141 100 e486
427 823 100 e487
191 871 100 e488
855 625 100 e489
128 768 100 e490
711 680 100 e491
435 56 100 e492
660 435 100 e493
709 231 100 e494
535 276 100 e495
782 867 100 e496
752 875 100 e497
252 71 100 e498
619 53 100 e499
746 664 100 e500
220 461 100 e501
783 932 100 e502
27 268 100 e503
467 553 100 e504
267 808 100 e505
325 728 100 e506
852 751 100 e507
175 204 100 e508
544 254 100 e509
171 347 100 e510
355 378 100 e511
495 703 100 e512
123 938 100 e513
323 337 100 e514
63 567 100 e515
203 260 100 e516
108 217 100 e517
712 553 100 e518
634 992 100 e519
137 868 100 e520
902 732 100 e521
512 722 100 e522
305 41 100 e523
879 774 100 e524
605 570 100 e525
280 503 100 e526
255 728 100 e527
796 62 100 e528
432 704 100 e529
531 609 100 e530
53 423 100 e531
442 32 100 e532
655 570 100 e533
83 473 100 e534
317 886 100 e535
798 436 100 e536
789 984 100 e537
302 821 100 e538
225 827 100 e539
958 577 100 e540
638 628 100 e541
433 798 100 e542
120 219 100 e543
353 756 100 e544
378 528 100 e545
872 954 100 e546
378 192 100 e547
274 951 100 e548
760 51 100 e549
620 238 100 e550
590 298 100 e551
389 213 100 e552
459 114 100 e553
562 146 100 e554
546 784 100 e555
744 401 100 e556
928 888 100 e557
338 391 100 e558
475 822 100 e559
819 332 100 e560
717 352 100 e561
301 833 100 e562
800 694 100 e563
160 622 100 e564
907 823 100 e565
390 702 100 e566
51 737 100 e567
235 394 100 e568
469 213 100 e569
738 582 100 e570
447 701 100 e571
978 604 100 e572
982 690 100 e573
327 483 100 e574
514 974 100 e575
413 299 100 e576
278 299 100 e577
848 440 100 e578
596 494 100 e579
447 137 100 e580
357 132 100 e581
934 764 100 e582
910 567 100 e583
922 480 100 e584
478 292 100 e585
152 742 100 e586
76 149 100 e587
847 916 100 e588
285 414 100 e589
404 287 100 e590
603 550 100 e591
203 605 100 e592
689 52 100 e593
323 709 100 e594
547 675 100 e595
523 339 100 e596
42 436 100 e597
448 532 100 e598
669 78 100 e599
200 802 100 e600
915 333 100 e601
937 684 100 e602
85 588 100 e603
539 574 100 e604
497 112 100 e605
20 184 100 e606
576 498 100 e607
778 845 100 e608
9 392 100 e609
219 195 100 e610
79 498 100 e611
184 929 100 e612
989 596 100 e613
664 706 100 e614
690 76 100 e615
713 157 100 e616
144 250 100 e617
1 974 100 e618
246 263 100 e619
866 717 100 e620
205 691 100 e621
868 905 100 e622
399 599 100 e623
557 656 100 e624
371 860 100 e625
851 637 100 e626
853 574 100 e627
434 495 100 e628
451 448 100 e629
433 842 100 e630
211 909 100 e631
103 421 100 e632
680 296 100 e633
267 119 100 e634
587 289 100 e635
121 942 100 e636
997 701 100 e637
416 398 100 e638
626 104 100 e639
680 370 100 e640
394 594 100 e641
857 42 100 e642
330 443 100 e643
910 681 100 e644
319 372 100 e645
657 321 100 e646
362 68 100 e647
256 637 100 e648
911 435 100 e649
661 827 100 e650
424 535 100 e651
227 997 100 e652
510 832 100 e653
276 939 100 e654
799 338 100 e655
519 94 100 e656
147 343 100 e657
119 611 100 e658
128 150 100 e659
455 114 100 e660
190 716 100 e661
322 249 100 e662
925 997 100 e663
959 666 100 e664
810 95 100 e665
305 647 100 e666
41 692 100 e667
308 517 100 e668
316 674 100 e669
427 868 100 e670
657 232 100 e671
895 633 100 e672
233 775 100 e673
698 557 100 e674
485 978 100 e675
898 806 100 e676
603 156 100 e677
129 128 100 e678
631 117 100 e679
296 656 100 e680
741 192 100 e681
820 589 100 e682
322 548 100 e683
721 203 100 e684
786 69 100 e685
347 349 100 e686
691 230 100 e687
803 198 100 e688
721 958 100 e689
302 581 100 e690
627 540 100 e691
978 683 100 e692
395 392 100 e693
929 449 100 e694
715 647 100 e695
928 442 100 e696
779 826 100 e697
889 859 100 e698
143 524 100 e699
981 555 100 e700
36 838 100 e701
862 795 100 e702
747 553 100 e703
535 243 100 e704
254 959 100 e705
999 181 100 e706
120 559 100 e707
954 339 100 e708
986 763 100 e709
752 352 100 e710
559 408 100 e711
578 813 100 e712
312 825 100 e713
518 491 100 e714
12 39 100 e715
916 472 100 e716
439 809 100 e717
912 736 100 e718
324 164 100 e719
680 617 100 e720
709 448 100 e721
880 739 100 e722
959 879 100 e723
889 634 100 e724
498 739 100 e725
696 810 100 e726
630 602 100 e727
522 829 100 e728
562 32 100 e729
557 43 100 e730
245 386 100 e731
418 231 100 e732
143 338 100 e733
871 306 100 e734
394 820 100 e735
217 743 100 e736
922 412 100 e737
262 610 100 e738
155 705 100 e739
840 518 100 e740
42 450 100 e741
654 385 100 e742
220 396 100 e743
397 302 100 e744
26 557 100 e745
627 318 100 e746
726 320 100 e747
956 324 100 e748
343 717 100 e749
229 92 100 e750
32 284 100 e751
606 383 100 e752
368 750 100 e753
77 470 100 e754
554 9 100 e755
333 624 100 e756
116 86 100 e757
254 355 100 e758
724 528 100 e759
21 795 100 e760
94 2 100 e761
660 777 100 e762
35 621 100 e763
261 914 100 e764
692 606 100 e765
607 730 100 e766
340 33 100 e767
563 854 100 e768
267 764 100 e769
25 196 100 e770
543 337 100 e771
371 167 100 e772
364 217 100 e773
683 106 100 e774
68 498 100 e775
176 728 100 e776
450 477 100 e777
836 462 100 e778
160 670 100 e779
793 918 100 e780
553 705 100 e781
145 169 100 e782
345 845 100 e783
885 896 100 e784
176 272 100 e785
45 46 100 e786
53 975 100 e787
31 837 100 e788
87 576 100 e789
386 12 100 e790
431 846 100 e791
338 2 100 e792
473 584 100 e793
326 315 100 e794
170 935 100 e795
900 700 100 e796
115 97 100 e797
551 891 100 e798
139 871 100 e799
495 88 100 e800
875 279 100 e801
607 514 100 e802
346 559 100 e803
67 167 100 e804
113 415 100 e805
584 764 100 e806
713 577 100 e807
901 77 100 e808
440 264 100 e809
7 706 100 e810
339 586 100 e811
163 279 100 e812
349 484 100 e813
421 294 100 e814
238 464 100 e815
61 410 100 e816
927 269 100 e817
425 699 100 e818
545 100 100 e819
917 441 100 e820
245 834 100 e821
70 238 100 e822
598 751 100 e823
775 109 100 e824
883 601 100 e825
459 305 100 e826
480 973 100 e827
209 268 100 e828
180 604 100 e829
398 669 100 e830
398 390 100 e831
668 516 100 e832
184 158 100 e833
775 477 100 e834
198 354 100 e835
136 302 100 e836
128 877 100 e837
139 823 100 e838
762 218 100 e839
811 117 100 e840
173 663 100 e841
342 219 100 e842
502 460 100 e843
939 318 100 e844
668 623 100 e845
479 860 100 e846
839 557 100 e847
167 88 100 e848
484 950 100 e849
463 308 100 e850
885 710 100 e851
49 955 100 e852
573 596 100 e853
370 33 100 e854
329 401 100 e855
310 42 100 e856
434 958 100 e857
411 60 100 e858
263 938 100 e859
699 891 100 e860
176 815 100 e861
748 7 100 e862
517 872 100 e863
178 155 100 e864
356 977 100 e865
915 540 100 e866
962 307 100 e867
835 612 100 e868
360 642 100 e869
414 370 100 e870
471 981 100 e871
955 128 100 e872
327 682 100 e873
856 753 100 e874
32 595 100 e875
335 941 100 e876
612 977 100 e877
904 370 100 e878
676 115 100 e879
529 360 100 e880
454 731 100 e881
993 537 100 e882
352 437 100 e883
714 52 100 e884
151 957 100 e885
484 37 100 e886
848 868 100 e887
822 362 100 e888
103 119 100 e889
975 92 100 e890
886 172 100 e891
834 168 100 e892
173 969 100 e893
225 297 100 e894
576 43 100 e895
233 612 100 e896
990 872 100 e897
571 176 100 e898
957 825 100 e899
34 952 100 e900
515 968 100 e901
128 438 100 e902
712 146 100 e903
819 781 100 e904
295 296 100 e905
125 163 100 e906
227 304 100 e907
89 593 100 e908
822 35 100 e909
665 809 100 e910
965 859 100 e911
901 211 100 e912
71 699 100 e913
781 644 100 e914
92 75 100 e915
752 339 100 e916
843 662 100 e917
877 481 100 e918
923 161 100 e919
310 533 100 e920
155 739 100 e921
117 505 100 e922
141 356 100 e923
367 100 100 e924
557 371 100 e925
45 29 100 e926
727 807 100 e927
625 944 100 e928
870 338 100 e929
141 721 100 e930
505 573 100 e931
407 986 100 e932
249 820 100 e933
424 882 100 e934
853 552 100 e935
708 749 100 e936
598 770 100 e937
477 434 100 e938
806 859 100 e939
136 141 100 e940
347 357 100 e941
137 400 100 e942
514 948 100 e943
145 960 100 e944
983 567 100 e945
629 251 100 e946
408 990 100 e947
899 577 100 e948
361 287 100 e949
910 350 100 e950
795 696 100 e951
896 994 100 e952
197 971 100 e953
151 410 100 e954
268 625 100 e955
416 407 100 e956
758 980 100 e957
608 528 100 e958
963 590 100 e959
282 775 100 e960
564 703 100 e961
898 262 100 e962
622 631 100 e963
464 516 100 e964
280 881 100 e965
313 935 100 e966
847 463 100 e967
439 407 100 e968
563 184 100 e969
672 669 100 e970
394 763 100 e971
612 591 100 e972
650 94 100 e973
799 209 100 e974
892 607 100 e975
431 777 100 e976
364 551 100 e977
192 518 100 e978
973 510 100 e979
987 102 100 e980
185 463 100 e981
381 211 100 e982
774 385 100 e983
155 17 100 e984
484 622 100 e985
996 847 100 e986
947 828 100 e987
687 128 100 e988
258 101 100 e989
538 141 100 e990
738 534 100 e991
268 737 100 e992
585 105 100 e993
803 664 100 e994
34 102 100 e995
623 644 100 e996
881 341 100 e997
72 909 100 e998
580 881 100 e999
